Output for NeuralNetwork: 784-32-16-10:

Classification Metrics:
              precision    recall  f1-score   support

           0       0.96      0.98      0.97      1383
           1       0.98      0.98      0.98      1569
           2       0.93      0.98      0.95      1357
           3       0.98      0.92      0.95      1467
           4       0.96      0.97      0.96      1362
           5       0.97      0.93      0.95      1247
           6       0.95      0.98      0.96      1407
           7       0.95      0.96      0.96      1382
           8       0.95      0.95      0.95      1375
           9       0.97      0.93      0.95      1451

    accuracy                           0.96     14000
   macro avg       0.96      0.96      0.96     14000
weighted avg       0.96      0.96      0.96     14000
